white+black+silver 0.48860073 92 152 241 313
white+black+silver 0.6286041 80 140 256 309
white+black+silver 0.55115396 110 153 261 322
white+black+silver 0.5832847 107 165 265 288
white+black+silver 0.89955175 82 140 280 318
white+black+silver 0.88273764 91 148 267 297
white+black+silver 0.53403693 67 140 306 333
black+white+red 0.75482005 286 141 471 331
black+white+red 0.34266326 281 148 459 287
black+white+red 0.9604652 283 145 483 319
black+white+red 0.9300827 274 143 475 307
black+white+red 0.5599806 262 149 490 330
black+white+red 0.5017763 274 177 491 342
