black+white+red 0.894836 184 218 396 416
black+white+red 0.9704076 163 229 393 381
black+white+red 0.8284505 161 211 388 412
black+white+red 0.9816435 160 233 394 399
black+white+red 0.30683652 263 234 442 404
black+white+red 0.56049544 247 249 458 381
black+white+red 0.5403042 234 257 465 402
white+black+silver 0.359764 441 243 645 425
white+black+silver 0.79977643 420 244 648 367
white+black+silver 0.60132945 428 246 649 398
white+black+silver 0.5845099 476 218 705 345
white+black+silver 0.7336608 482 221 737 370
black+white+red 0.5858547 176 279 400 424
black+white+red 0.37344453 182 274 416 427
