black+black+silver 0.10927191 235 269 416 405
black+black+silver 0.10512201 220 382 431 545
white+white+red 0.13934483 498 425 730 577
white+white+red 0.7787934 315 460 505 609
black+white+red 0.11120756 320 441 546 648
white+black+silver 0.054268394 506 460 701 629
black+black+silver 0.10927191 235 269 416 405
black+black+silver 0.10512201 220 382 431 545
white+white+red 0.13934483 498 425 730 577
white+white+red 0.7787934 315 460 505 609
black+white+red 0.11120756 320 441 546 648
white+black+silver 0.054268394 506 460 701 629
