black+white+red 0.05169301 81 8 372 285
white+black+silver 0.0929966 202 185 280 364
black+black+silver 0.47591007 175 210 282 322
white+white+silver 0.094099246 171 328 270 451
white+white+red 0.056707133 309 318 401 508
white+white+silver 0.05264918 134 394 234 538
white+white+red 0.80597895 155 372 252 562
white+white+red 0.22993283 222 386 309 563
black+white+silver 0.081647746 314 383 411 585
black+white+red 0.05169301 81 8 372 285
white+black+silver 0.0929966 202 185 280 364
black+black+silver 0.47591007 175 210 282 322
white+white+silver 0.094099246 171 328 270 451
white+white+red 0.056707133 309 318 401 508
white+white+silver 0.05264918 134 394 234 538
white+white+red 0.80597895 155 372 252 562
white+white+red 0.22993283 222 386 309 563
black+white+silver 0.081647746 314 383 411 585
