white+white+silver 0.1513161 142 249 285 389
black+white+red 0.060008854 169 320 328 490
white+black+red 0.79486203 193 320 363 484
black+white+red 0.10608837 297 353 444 495
white+black+red 0.17560941 412 366 573 519
white+black+silver 0.0749313 415 333 557 613
white+white+silver 0.1513161 142 249 285 389
black+white+red 0.060008854 169 320 328 490
white+black+red 0.79486203 193 320 363 484
black+white+red 0.10608837 297 353 444 495
white+black+red 0.17560941 412 366 573 519
white+black+silver 0.0749313 415 333 557 613
